  0.00000000E+00   0.50325265E+01   0.10119794E+03   0.97397538E+01   0.19871851E+00   0.44997923E+03   0.15000000E+01
  0.50251256E-02   0.50324921E+01   0.10121545E+03   0.97396647E+01   0.19875311E+00   0.44997818E+03   0.14997508E+01
  0.10050251E-01   0.50323889E+01   0.10126799E+03   0.97393970E+01   0.19885698E+00   0.44997504E+03   0.14990034E+01
  0.15075377E-01   0.50322166E+01   0.10135562E+03   0.97389502E+01   0.19903022E+00   0.44996981E+03   0.14977586E+01
  0.20100503E-01   0.50319749E+01   0.10147844E+03   0.97383234E+01   0.19927304E+00   0.44996246E+03   0.14960177E+01
  0.25125628E-01   0.50316633E+01   0.10163660E+03   0.97375152E+01   0.19958571E+00   0.44995298E+03   0.14937823E+01
  0.30150754E-01   0.50312810E+01   0.10183026E+03   0.97365239E+01   0.19996859E+00   0.44994136E+03   0.14910547E+01
  0.35175879E-01   0.50308273E+01   0.10205965E+03   0.97353474E+01   0.20042212E+00   0.44992756E+03   0.14878375E+01
  0.40201005E-01   0.50303012E+01   0.10232502E+03   0.97339831E+01   0.20094683E+00   0.44991157E+03   0.14841342E+01
  0.45226131E-01   0.50297015E+01   0.10262668E+03   0.97324282E+01   0.20154331E+00   0.44989333E+03   0.14799482E+01
  0.50251256E-01   0.50290270E+01   0.10296496E+03   0.97306793E+01   0.20221226E+00   0.44987281E+03   0.14752837E+01
  0.55276382E-01   0.50282762E+01   0.10334026E+03   0.97287326E+01   0.20295445E+00   0.44984998E+03   0.14701456E+01
  0.60301508E-01   0.50274473E+01   0.10375299E+03   0.97265838E+01   0.20377073E+00   0.44982476E+03   0.14645387E+01
  0.65326633E-01   0.50265387E+01   0.10420362E+03   0.97242284E+01   0.20466207E+00   0.44979712E+03   0.14584688E+01
  0.70351759E-01   0.50255484E+01   0.10469268E+03   0.97216610E+01   0.20562949E+00   0.44976699E+03   0.14519419E+01
  0.75376884E-01   0.50244740E+01   0.10522071E+03   0.97188761E+01   0.20667412E+00   0.44973429E+03   0.14449645E+01
  0.80402010E-01   0.50233132E+01   0.10578833E+03   0.97158675E+01   0.20779719E+00   0.44969896E+03   0.14375435E+01
  0.85427136E-01   0.50220634E+01   0.10639618E+03   0.97126285E+01   0.20900002E+00   0.44966092E+03   0.14296864E+01
  0.90452261E-01   0.50207217E+01   0.10704497E+03   0.97091517E+01   0.21028402E+00   0.44962007E+03   0.14214009E+01
  0.95477387E-01   0.50192852E+01   0.10773544E+03   0.97054294E+01   0.21165072E+00   0.44957633E+03   0.14126954E+01
  0.10050251E+00   0.50177505E+01   0.10846840E+03   0.97014530E+01   0.21310172E+00   0.44952959E+03   0.14035786E+01
  0.10552764E+00   0.50161140E+01   0.10924469E+03   0.96972135E+01   0.21463876E+00   0.44947974E+03   0.13940594E+01
  0.11055276E+00   0.50143720E+01   0.11006522E+03   0.96927010E+01   0.21626368E+00   0.44942666E+03   0.13841474E+01
  0.11557789E+00   0.50125203E+01   0.11093096E+03   0.96879050E+01   0.21797842E+00   0.44937022E+03   0.13738525E+01
  0.12060302E+00   0.50105545E+01   0.11184291E+03   0.96828143E+01   0.21978505E+00   0.44931030E+03   0.13631849E+01
  0.12562814E+00   0.50084700E+01   0.11280214E+03   0.96774169E+01   0.22168575E+00   0.44924673E+03   0.13521553E+01
  0.13065327E+00   0.50062618E+01   0.11380980E+03   0.96716998E+01   0.22368282E+00   0.44917938E+03   0.13407746E+01
  0.13567839E+00   0.50039244E+01   0.11486707E+03   0.96656493E+01   0.22577871E+00   0.44910806E+03   0.13290543E+01
  0.14070352E+00   0.50014521E+01   0.11597521E+03   0.96592508E+01   0.22797598E+00   0.44903261E+03   0.13170059E+01
  0.14572864E+00   0.49988389E+01   0.11713553E+03   0.96524885E+01   0.23027732E+00   0.44895283E+03   0.13046416E+01
  0.15075377E+00   0.49960781E+01   0.11834942E+03   0.96453457E+01   0.23268558E+00   0.44886851E+03   0.12919736E+01
  0.15577889E+00   0.49931629E+01   0.11961835E+03   0.96378048E+01   0.23520373E+00   0.44877944E+03   0.12790145E+01
  0.16080402E+00   0.49900857E+01   0.12094382E+03   0.96298467E+01   0.23783491E+00   0.44868538E+03   0.12657773E+01
  0.16582915E+00   0.49868388E+01   0.12232744E+03   0.96214512E+01   0.24058241E+00   0.44858610E+03   0.12522752E+01
  0.17085427E+00   0.49834136E+01   0.12377088E+03   0.96125969E+01   0.24344967E+00   0.44848132E+03   0.12385216E+01
  0.17587940E+00   0.49798012E+01   0.12527589E+03   0.96032610E+01   0.24644030E+00   0.44837076E+03   0.12245302E+01
  0.18090452E+00   0.49759921E+01   0.12684428E+03   0.95934191E+01   0.24955807E+00   0.44825412E+03   0.12103150E+01
  0.18592965E+00   0.49719761E+01   0.12847797E+03   0.95830454E+01   0.25280695E+00   0.44813109E+03   0.11958902E+01
  0.19095477E+00   0.49677424E+01   0.13017894E+03   0.95721126E+01   0.25619105E+00   0.44800131E+03   0.11812701E+01
  0.19597990E+00   0.49632796E+01   0.13194925E+03   0.95605913E+01   0.25971470E+00   0.44786443E+03   0.11664693E+01
  0.20100503E+00   0.49585754E+01   0.13379108E+03   0.95484508E+01   0.26338241E+00   0.44772006E+03   0.11515026E+01
  0.20603015E+00   0.49536168E+01   0.13570666E+03   0.95356580E+01   0.26719888E+00   0.44756778E+03   0.11363848E+01
  0.21105528E+00   0.49483900E+01   0.13769833E+03   0.95221781E+01   0.27116902E+00   0.44740717E+03   0.11211311E+01
  0.21608040E+00   0.49428805E+01   0.13976850E+03   0.95079741E+01   0.27529795E+00   0.44723773E+03   0.11057567E+01
  0.22110553E+00   0.49370726E+01   0.14191971E+03   0.94930067E+01   0.27959099E+00   0.44705899E+03   0.10902768E+01
  0.22613065E+00   0.49309498E+01   0.14415455E+03   0.94772344E+01   0.28405369E+00   0.44687041E+03   0.10747070E+01
  0.23115578E+00   0.49244946E+01   0.14647573E+03   0.94606131E+01   0.28869182E+00   0.44667142E+03   0.10590626E+01
  0.23618090E+00   0.49176885E+01   0.14888606E+03   0.94430960E+01   0.29351138E+00   0.44646143E+03   0.10433594E+01
  0.24120603E+00   0.49105117E+01   0.15138842E+03   0.94246338E+01   0.29851859E+00   0.44623979E+03   0.10276130E+01
  0.24623116E+00   0.49029433E+01   0.15398580E+03   0.94051744E+01   0.30371993E+00   0.44600583E+03   0.10118391E+01
  0.25125628E+00   0.48949613E+01   0.15668129E+03   0.93846625E+01   0.30912210E+00   0.44575883E+03   0.99605332E+00
  0.25628141E+00   0.48865423E+01   0.15947807E+03   0.93630398E+01   0.31473204E+00   0.44549801E+03   0.98027150E+00
  0.26130653E+00   0.48776615E+01   0.16237939E+03   0.93402450E+01   0.32055695E+00   0.44522256E+03   0.96450935E+00
  0.26633166E+00   0.48682929E+01   0.16538861E+03   0.93162133E+01   0.32660425E+00   0.44493163E+03   0.94878258E+00
  0.27135678E+00   0.48584089E+01   0.16850918E+03   0.92908764E+01   0.33288164E+00   0.44462429E+03   0.93310686E+00
  0.27638191E+00   0.48479803E+01   0.17174461E+03   0.92641628E+01   0.33939703E+00   0.44429957E+03   0.91749782E+00
  0.28140704E+00   0.48369767E+01   0.17509850E+03   0.92359972E+01   0.34615860E+00   0.44395644E+03   0.90197103E+00
  0.28643216E+00   0.48253657E+01   0.17857451E+03   0.92063006E+01   0.35317473E+00   0.44359381E+03   0.88654195E+00
  0.29145729E+00   0.48131135E+01   0.18217639E+03   0.91749906E+01   0.36045406E+00   0.44321054E+03   0.87122596E+00
  0.29648241E+00   0.48001848E+01   0.18590789E+03   0.91419807E+01   0.36800545E+00   0.44280540E+03   0.85603835E+00
  0.30150754E+00   0.47865421E+01   0.18977286E+03   0.91071811E+01   0.37583797E+00   0.44237711E+03   0.84099423E+00
  0.30653266E+00   0.47721469E+01   0.19377513E+03   0.90704981E+01   0.38396088E+00   0.44192431E+03   0.82610862E+00
  0.31155779E+00   0.47569583E+01   0.19791860E+03   0.90318345E+01   0.39238364E+00   0.44144559E+03   0.81139634E+00
  0.31658291E+00   0.47409344E+01   0.20220712E+03   0.89910898E+01   0.40111587E+00   0.44093944E+03   0.79687207E+00
  0.32160804E+00   0.47240313E+01   0.20664456E+03   0.89481602E+01   0.41016735E+00   0.44040429E+03   0.78255029E+00
  0.32663317E+00   0.47062035E+01   0.21123475E+03   0.89029388E+01   0.41954796E+00   0.43983850E+03   0.76844526E+00
  0.33165829E+00   0.46874043E+01   0.21598145E+03   0.88553164E+01   0.42926770E+00   0.43924034E+03   0.75457105E+00
  0.33668342E+00   0.46675855E+01   0.22088835E+03   0.88051813E+01   0.43933661E+00   0.43860803E+03   0.74094148E+00
  0.34170854E+00   0.46466976E+01   0.22595904E+03   0.87524200E+01   0.44976478E+00   0.43793968E+03   0.72757016E+00
  0.34673367E+00   0.46246901E+01   0.23119696E+03   0.86969181E+01   0.46056226E+00   0.43723337E+03   0.71447040E+00
  0.35175879E+00   0.46015119E+01   0.23660541E+03   0.86385605E+01   0.47173908E+00   0.43648707E+03   0.70165526E+00
  0.35678392E+00   0.45771110E+01   0.24218746E+03   0.85772325E+01   0.48330512E+00   0.43569873E+03   0.68913751E+00
  0.36180905E+00   0.45514354E+01   0.24794598E+03   0.85128206E+01   0.49527013E+00   0.43486620E+03   0.67692964E+00
  0.36683417E+00   0.45244331E+01   0.25388355E+03   0.84452136E+01   0.50764362E+00   0.43398730E+03   0.66504382E+00
  0.37185930E+00   0.44960526E+01   0.26000244E+03   0.83743034E+01   0.52043484E+00   0.43305980E+03   0.65349188E+00
  0.37688442E+00   0.44662432E+01   0.26630456E+03   0.82999871E+01   0.53365267E+00   0.43208143E+03   0.64228536E+00
  0.38190955E+00   0.44349558E+01   0.27279146E+03   0.82221672E+01   0.54730557E+00   0.43104991E+03   0.63143541E+00
  0.38693467E+00   0.44021434E+01   0.27946421E+03   0.81407543E+01   0.56140149E+00   0.42996294E+03   0.62095285E+00
  0.39195980E+00   0.43677612E+01   0.28632341E+03   0.80556678E+01   0.57594781E+00   0.42881821E+03   0.61084814E+00
  0.39698492E+00   0.43317679E+01   0.29336915E+03   0.79668381E+01   0.59095123E+00   0.42761346E+03   0.60113134E+00
  0.40201005E+00   0.42941262E+01   0.30060093E+03   0.78742079E+01   0.60641773E+00   0.42634643E+03   0.59181214E+00
  0.40703518E+00   0.42548031E+01   0.30801765E+03   0.77777348E+01   0.62235240E+00   0.42501496E+03   0.58289983E+00
  0.41206030E+00   0.42137713E+01   0.31561753E+03   0.76773922E+01   0.63875944E+00   0.42361695E+03   0.57440330E+00
  0.41708543E+00   0.41710093E+01   0.32339812E+03   0.75731716E+01   0.65564202E+00   0.42215039E+03   0.56633101E+00
  0.42211055E+00   0.41265028E+01   0.33135625E+03   0.74650843E+01   0.67300220E+00   0.42061343E+03   0.55869101E+00
  0.42713568E+00   0.40802450E+01   0.33948797E+03   0.73531632E+01   0.69084085E+00   0.41900434E+03   0.55149092E+00
  0.43216080E+00   0.40322373E+01   0.34778858E+03   0.72374636E+01   0.70915760E+00   0.41732161E+03   0.54473791E+00
  0.43718593E+00   0.39824903E+01   0.35625256E+03   0.71180654E+01   0.72795070E+00   0.41556389E+03   0.53843872E+00
  0.44221106E+00   0.39310241E+01   0.36487360E+03   0.69950735E+01   0.74721702E+00   0.41373012E+03   0.53259962E+00
  0.44723618E+00   0.38778688E+01   0.37364460E+03   0.68686188E+01   0.76695195E+00   0.41181945E+03   0.52722644E+00
  0.45226131E+00   0.38230652E+01   0.38255764E+03   0.67388583E+01   0.78714940E+00   0.40983135E+03   0.52232452E+00
  0.45728643E+00   0.37666646E+01   0.39160404E+03   0.66059755E+01   0.80780170E+00   0.40776558E+03   0.51789877E+00
  0.46231156E+00   0.37087294E+01   0.40077438E+03   0.64701797E+01   0.82889964E+00   0.40562223E+03   0.51395358E+00
  0.46733668E+00   0.36493328E+01   0.41005851E+03   0.63317053E+01   0.85043243E+00   0.40340175E+03   0.51049290E+00
  0.47236181E+00   0.35885585E+01   0.41944562E+03   0.61908101E+01   0.87238771E+00   0.40110494E+03   0.50752016E+00
  0.47738693E+00   0.35265006E+01   0.42892433E+03   0.60477741E+01   0.89475160E+00   0.39873297E+03   0.50503834E+00
  0.48241206E+00   0.34632630E+01   0.43848268E+03   0.59028967E+01   0.91750870E+00   0.39628740E+03   0.50304991E+00
  0.48743719E+00   0.33989585E+01   0.44810828E+03   0.57564945E+01   0.94064218E+00   0.39377015E+03   0.50155685E+00
  0.49246231E+00   0.33337080E+01   0.45778835E+03   0.56088983E+01   0.96413385E+00   0.39118354E+03   0.50056065E+00
  0.49748744E+00   0.32676395E+01   0.46750982E+03   0.54604495E+01   0.98796421E+00   0.38853023E+03   0.50006231E+00
  0.50251256E+00   0.32008871E+01   0.47725944E+03   0.53114967E+01   0.10121126E+01   0.38581323E+03   0.50006231E+00
  0.50753769E+00   0.31335894E+01   0.48702382E+03   0.51623927E+01   0.10365573E+01   0.38303593E+03   0.50056065E+00
  0.51256281E+00   0.30658883E+01   0.49678960E+03   0.50134897E+01   0.10612757E+01   0.38020196E+03   0.50155685E+00
  0.51758794E+00   0.29979278E+01   0.50654351E+03   0.48651362E+01   0.10862441E+01   0.37731528E+03   0.50304991E+00
  0.52261307E+00   0.29298522E+01   0.51627243E+03   0.47176736E+01   0.11114385E+01   0.37438009E+03   0.50503834E+00
  0.52763819E+00   0.28618050E+01   0.52596356E+03   0.45714324E+01   0.11368342E+01   0.37140078E+03   0.50752016E+00
  0.53266332E+00   0.27939276E+01   0.53560441E+03   0.44267290E+01   0.11624060E+01   0.36838196E+03   0.51049290E+00
  0.53768844E+00   0.27263576E+01   0.54518297E+03   0.42838634E+01   0.11881287E+01   0.36532834E+03   0.51395358E+00
  0.54271357E+00   0.26592280E+01   0.55468771E+03   0.41431162E+01   0.12139768E+01   0.36224475E+03   0.51789877E+00
  0.54773869E+00   0.25926660E+01   0.56410767E+03   0.40047467E+01   0.12399249E+01   0.35913608E+03   0.52232452E+00
  0.55276382E+00   0.25267921E+01   0.57343251E+03   0.38689915E+01   0.12659477E+01   0.35600724E+03   0.52722644E+00
  0.55778894E+00   0.24617191E+01   0.58265256E+03   0.37360632E+01   0.12920205E+01   0.35286313E+03   0.53259962E+00
  0.56281407E+00   0.23975517E+01   0.59175882E+03   0.36061495E+01   0.13181185E+01   0.34970860E+03   0.53843872E+00
  0.56783920E+00   0.23343858E+01   0.60074305E+03   0.34794130E+01   0.13442179E+01   0.34654840E+03   0.54473791E+00
  0.57286432E+00   0.22723086E+01   0.60959770E+03   0.33559914E+01   0.13702953E+01   0.34338719E+03   0.55149092E+00
  0.57788945E+00   0.22113976E+01   0.61831598E+03   0.32359977E+01   0.13963278E+01   0.34022947E+03   0.55869101E+00
  0.58291457E+00   0.21517214E+01   0.62689184E+03   0.31195211E+01   0.14222937E+01   0.33707959E+03   0.56633101E+00
  0.58793970E+00   0.20933391E+01   0.63531995E+03   0.30066279E+01   0.14481716E+01   0.33394170E+03   0.57440330E+00
  0.59296482E+00   0.20363009E+01   0.64359568E+03   0.28973627E+01   0.14739416E+01   0.33081978E+03   0.58289983E+00
  0.59798995E+00   0.19806482E+01   0.65171509E+03   0.27917498E+01   0.14995840E+01   0.32771755E+03   0.59181214E+00
  0.60301508E+00   0.19264141E+01   0.65967492E+03   0.26897950E+01   0.15250807E+01   0.32463855E+03   0.60113134E+00
  0.60804020E+00   0.18736236E+01   0.66747253E+03   0.25914867E+01   0.15504140E+01   0.32158605E+03   0.61084814E+00
  0.61306533E+00   0.18222942E+01   0.67510587E+03   0.24967981E+01   0.15755675E+01   0.31856311E+03   0.62095285E+00
  0.61809045E+00   0.17724365E+01   0.68257345E+03   0.24056883E+01   0.16005257E+01   0.31557256E+03   0.63143541E+00
  0.62311558E+00   0.17240546E+01   0.68987431E+03   0.23181044E+01   0.16252740E+01   0.31261697E+03   0.64228536E+00
  0.62814070E+00   0.16771467E+01   0.69700798E+03   0.22339829E+01   0.16497987E+01   0.30969868E+03   0.65349188E+00
  0.63316583E+00   0.16317058E+01   0.70397443E+03   0.21532513E+01   0.16740871E+01   0.30681983E+03   0.66504382E+00
  0.63819095E+00   0.15877200E+01   0.71077403E+03   0.20758295E+01   0.16981274E+01   0.30398232E+03   0.67692964E+00
  0.64321608E+00   0.15451732E+01   0.71740753E+03   0.20016312E+01   0.17219086E+01   0.30118784E+03   0.68913751E+00
  0.64824121E+00   0.15040457E+01   0.72387602E+03   0.19305650E+01   0.17454206E+01   0.29843788E+03   0.70165526E+00
  0.65326633E+00   0.14643143E+01   0.73018086E+03   0.18625358E+01   0.17686540E+01   0.29573373E+03   0.71447040E+00
  0.65829146E+00   0.14259534E+01   0.73632371E+03   0.17974458E+01   0.17916004E+01   0.29307651E+03   0.72757016E+00
  0.66331658E+00   0.13889348E+01   0.74230644E+03   0.17351952E+01   0.18142519E+01   0.29046716E+03   0.74094148E+00
  0.66834171E+00   0.13532285E+01   0.74813111E+03   0.16756834E+01   0.18366014E+01   0.28790645E+03   0.75457105E+00
  0.67336683E+00   0.13188030E+01   0.75379999E+03   0.16188095E+01   0.18586423E+01   0.28539501E+03   0.76844526E+00
  0.67839196E+00   0.12856256E+01   0.75931547E+03   0.15644730E+01   0.18803689E+01   0.28293334E+03   0.78255029E+00
  0.68341709E+00   0.12536625E+01   0.76468007E+03   0.15125742E+01   0.19017759E+01   0.28052180E+03   0.79687207E+00
  0.68844221E+00   0.12228795E+01   0.76989640E+03   0.14630149E+01   0.19228586E+01   0.27816062E+03   0.81139634E+00
  0.69346734E+00   0.11932420E+01   0.77496717E+03   0.14156989E+01   0.19436127E+01   0.27584995E+03   0.82610862E+00
  0.69849246E+00   0.11647153E+01   0.77989513E+03   0.13705319E+01   0.19640346E+01   0.27358981E+03   0.84099423E+00
  0.70351759E+00   0.11372645E+01   0.78468309E+03   0.13274221E+01   0.19841209E+01   0.27138017E+03   0.85603835E+00
  0.70854271E+00   0.11108552E+01   0.78933389E+03   0.12862803E+01   0.20038687E+01   0.26922087E+03   0.87122596E+00
  0.71356784E+00   0.10854531E+01   0.79385037E+03   0.12470201E+01   0.20232756E+01   0.26711173E+03   0.88654195E+00
  0.71859296E+00   0.10610246E+01   0.79823538E+03   0.12095581E+01   0.20423395E+01   0.26505247E+03   0.90197103E+00
  0.72361809E+00   0.10375365E+01   0.80249178E+03   0.11738136E+01   0.20610584E+01   0.26304276E+03   0.91749782E+00
  0.72864322E+00   0.10149563E+01   0.80662237E+03   0.11397093E+01   0.20794309E+01   0.26108222E+03   0.93310686E+00
  0.73366834E+00   0.99325244E+00   0.81062997E+03   0.11071706E+01   0.20974557E+01   0.25917045E+03   0.94878258E+00
  0.73869347E+00   0.97239389E+00   0.81451734E+03   0.10761262E+01   0.21151318E+01   0.25730697E+03   0.96450935E+00
  0.74371859E+00   0.95235059E+00   0.81828721E+03   0.10465077E+01   0.21324584E+01   0.25549131E+03   0.98027150E+00
  0.74874372E+00   0.93309336E+00   0.82194227E+03   0.10182497E+01   0.21494350E+01   0.25372294E+03   0.99605332E+00
  0.75376884E+00   0.91459389E+00   0.82548514E+03   0.99128962E+00   0.21660612E+01   0.25200132E+03   0.10118391E+01
  0.75879397E+00   0.89682482E+00   0.82891841E+03   0.96556797E+00   0.21823368E+01   0.25032590E+03   0.10276130E+01
  0.76381910E+00   0.87975970E+00   0.83224459E+03   0.94102788E+00   0.21982616E+01   0.24869610E+03   0.10433594E+01
  0.76884422E+00   0.86337304E+00   0.83546617E+03   0.91761522E+00   0.22138358E+01   0.24711135E+03   0.10590626E+01
  0.77386935E+00   0.84764025E+00   0.83858553E+03   0.89527849E+00   0.22290596E+01   0.24557103E+03   0.10747070E+01
  0.77889447E+00   0.83253769E+00   0.84160502E+03   0.87396869E+00   0.22439332E+01   0.24407457E+03   0.10902768E+01
  0.78391960E+00   0.81804262E+00   0.84452691E+03   0.85363928E+00   0.22584572E+01   0.24262135E+03   0.11057567E+01
  0.78894472E+00   0.80413322E+00   0.84735341E+03   0.83424607E+00   0.22726319E+01   0.24121079E+03   0.11211311E+01
  0.79396985E+00   0.79078853E+00   0.85008667E+03   0.81574708E+00   0.22864580E+01   0.23984227E+03   0.11363848E+01
  0.79899497E+00   0.77798849E+00   0.85272876E+03   0.79810254E+00   0.22999360E+01   0.23851521E+03   0.11515026E+01
  0.80402010E+00   0.76571384E+00   0.85528170E+03   0.78127469E+00   0.23130667E+01   0.23722902E+03   0.11664693E+01
  0.80904523E+00   0.75394620E+00   0.85774743E+03   0.76522777E+00   0.23258508E+01   0.23598311E+03   0.11812701E+01
  0.81407035E+00   0.24857300E+01   0.25698261E+03   0.46348196E+01   0.51411692E+00   0.43352030E+03   0.11958902E+01
  0.81909548E+00   0.24962178E+01   0.25285299E+03   0.46610424E+01   0.50549331E+00   0.43414134E+03   0.12103150E+01
  0.82412060E+00   0.25060260E+01   0.24893956E+03   0.46856001E+01   0.49733806E+00   0.43472058E+03   0.12245302E+01
  0.82914573E+00   0.25152078E+01   0.24522884E+03   0.47086189E+01   0.48962019E+00   0.43526146E+03   0.12385216E+01
  0.83417085E+00   0.25238104E+01   0.24170882E+03   0.47302114E+01   0.48231214E+00   0.43576705E+03   0.12522752E+01
  0.83919598E+00   0.25318758E+01   0.23836874E+03   0.47504784E+01   0.47538933E+00   0.43624003E+03   0.12657773E+01
  0.84422111E+00   0.25394416E+01   0.23519891E+03   0.47695102E+01   0.46882971E+00   0.43668281E+03   0.12790145E+01
  0.84924623E+00   0.25465419E+01   0.23219055E+03   0.47873883E+01   0.46261342E+00   0.43709756E+03   0.12919736E+01
  0.85427136E+00   0.25532072E+01   0.22933573E+03   0.48041866E+01   0.45672251E+00   0.43748620E+03   0.13046416E+01
  0.85929648E+00   0.25594651E+01   0.22662721E+03   0.48199717E+01   0.45114071E+00   0.43785048E+03   0.13170059E+01
  0.86432161E+00   0.25653408E+01   0.22405840E+03   0.48348046E+01   0.44585320E+00   0.43819198E+03   0.13290543E+01
  0.86934673E+00   0.25708569E+01   0.22162325E+03   0.48487403E+01   0.44084651E+00   0.43851210E+03   0.13407746E+01
  0.87437186E+00   0.25760342E+01   0.21931625E+03   0.48618295E+01   0.43610831E+00   0.43881216E+03   0.13521553E+01
  0.87939698E+00   0.25808917E+01   0.21713231E+03   0.48741181E+01   0.43162732E+00   0.43909332E+03   0.13631849E+01
  0.88442211E+00   0.25854466E+01   0.21506678E+03   0.48856484E+01   0.42739321E+00   0.43935664E+03   0.13738525E+01
  0.88944724E+00   0.25897147E+01   0.21311536E+03   0.48964588E+01   0.42339649E+00   0.43960310E+03   0.13841474E+01
  0.89447236E+00   0.25937103E+01   0.21127410E+03   0.49065848E+01   0.41962847E+00   0.43983360E+03   0.13940594E+01
  0.89949749E+00   0.25974467E+01   0.20953937E+03   0.49160586E+01   0.41608113E+00   0.44004892E+03   0.14035786E+01
  0.90452261E+00   0.26009361E+01   0.20790780E+03   0.49249101E+01   0.41274713E+00   0.44024982E+03   0.14126954E+01
  0.90954774E+00   0.26041893E+01   0.20637631E+03   0.49331663E+01   0.40961971E+00   0.44043697E+03   0.14214009E+01
  0.91457286E+00   0.26072166E+01   0.20494206E+03   0.49408523E+01   0.40669265E+00   0.44061098E+03   0.14296864E+01
  0.91959799E+00   0.26100272E+01   0.20360244E+03   0.49479907E+01   0.40396026E+00   0.44077242E+03   0.14375435E+01
  0.92462312E+00   0.26126295E+01   0.20235503E+03   0.49546025E+01   0.40141732E+00   0.44092179E+03   0.14449645E+01
  0.92964824E+00   0.26150312E+01   0.20119764E+03   0.49607067E+01   0.39905903E+00   0.44105956E+03   0.14519419E+01
  0.93467337E+00   0.26172393E+01   0.20012826E+03   0.49663206E+01   0.39688104E+00   0.44118615E+03   0.14584688E+01
  0.93969849E+00   0.26192603E+01   0.19914504E+03   0.49714599E+01   0.39487937E+00   0.44130195E+03   0.14645387E+01
  0.94472362E+00   0.26210997E+01   0.19824632E+03   0.49761388E+01   0.39305041E+00   0.44140729E+03   0.14701456E+01
  0.94974874E+00   0.26227628E+01   0.19743058E+03   0.49803701E+01   0.39139090E+00   0.44150250E+03   0.14752837E+01
  0.95477387E+00   0.26242542E+01   0.19669648E+03   0.49841654E+01   0.38989792E+00   0.44158784E+03   0.14799482E+01
  0.95979899E+00   0.26255780E+01   0.19604281E+03   0.49875348E+01   0.38856887E+00   0.44166356E+03   0.14841342E+01
  0.96482412E+00   0.26267378E+01   0.19546849E+03   0.49904873E+01   0.38740145E+00   0.44172989E+03   0.14878375E+01
  0.96984925E+00   0.26277368E+01   0.19497260E+03   0.49930307E+01   0.38639366E+00   0.44178700E+03   0.14910547E+01
  0.97487437E+00   0.26285776E+01   0.19455433E+03   0.49951717E+01   0.38554377E+00   0.44183506E+03   0.14937823E+01
  0.97989950E+00   0.26292625E+01   0.19421301E+03   0.49969159E+01   0.38485034E+00   0.44187420E+03   0.14960177E+01
  0.98492462E+00   0.26297934E+01   0.19394810E+03   0.49982678E+01   0.38431222E+00   0.44190453E+03   0.14977586E+01
  0.98994975E+00   0.26301715E+01   0.19375919E+03   0.49992310E+01   0.38392849E+00   0.44192613E+03   0.14990034E+01
  0.99497487E+00   0.26303980E+01   0.19364595E+03   0.49998079E+01   0.38369850E+00   0.44193907E+03   0.14997508E+01
  0.10000000E+01   0.26304735E+01   0.19360823E+03   0.50000000E+01   0.38362188E+00   0.44194338E+03   0.15000000E+01
